0.0 0.618918 0.241447 0.041881 0.105680
0.0 0.521293 0.473728 0.034132 0.119088
0.0 0.355564 0.388306 0.024038 0.091086
0.0 0.499393 0.174205 0.014612 0.069257
0.0 0.657480 0.122390 0.017088 0.082992
0.0 0.717863 0.023013 0.027072 0.046025
0.0 0.798272 0.538035 0.023204 0.055489
0.0 0.402967 0.750992 0.043660 0.047639
0.0 0.234061 0.534739 0.037042 0.069237
0.0 0.207797 0.109564 0.058740 0.088056
0.0 0.310725 0.036108 0.040906 0.072216
0.0 0.226477 0.009348 0.022429 0.018696
0.0 0.060100 0.755264 0.063488 0.058159
0.0 0.130059 0.060584 0.055002 0.095509
