0.0 0.617702 0.330150 0.027864 0.092376
0.0 0.420797 0.227538 0.029975 0.081000
0.0 0.453242 0.120165 0.023245 0.068095
0.0 0.709884 0.215653 0.072729 0.130911
0.0 0.058726 0.274131 0.049813 0.061387
0.0 0.131492 0.644617 0.053924 0.115520
0.0 0.908018 0.566361 0.078868 0.091462
0.0 0.919963 0.416775 0.080660 0.145045
0.0 0.897093 0.337854 0.033829 0.064572
0.0 0.853882 0.979086 0.064624 0.041829
0.0 0.292227 0.451387 0.033430 0.097843
0.0 0.335178 0.326623 0.048724 0.103731
0.0 0.220632 0.113511 0.047399 0.083435
