0.0 0.693597 0.683761 0.028196 0.063113
0.0 0.485324 0.660122 0.043705 0.133075
0.0 0.248399 0.475174 0.053022 0.127074
0.0 0.133046 0.504550 0.044427 0.082839
0.0 0.414014 0.386056 0.038485 0.140782
0.0 0.416010 0.236610 0.036781 0.100887
0.0 0.360045 0.200476 0.028017 0.077788
0.0 0.261474 0.213166 0.033671 0.081726
0.0 0.214646 0.178901 0.026576 0.066442
0.0 0.153464 0.240794 0.048292 0.079613
0.0 0.456094 0.126574 0.016568 0.053409
0.0 0.595119 0.459931 0.026156 0.073954
0.0 0.854044 0.571218 0.053262 0.134236
0.0 0.010714 0.570713 0.021428 0.086943
0.0 0.695183 0.181438 0.021358 0.086846
0.0 0.830563 0.076862 0.034462 0.095651
