0.0 0.531538 0.086300 0.026726 0.082712
0.0 0.322262 0.202958 0.045374 0.145891
0.0 0.248981 0.282052 0.032361 0.137597
0.0 0.130896 0.438967 0.043777 0.110850
0.0 0.393522 0.556943 0.028562 0.064388
0.0 0.338090 0.749927 0.026382 0.057462
0.0 0.598395 0.620286 0.046180 0.130915
0.0 0.511962 0.416509 0.018372 0.041717
0.0 0.416762 0.053584 0.034579 0.107168
0.0 0.137962 0.077052 0.031097 0.082712
0.0 0.801436 0.366497 0.058828 0.112191
0.0 0.729972 0.048824 0.038998 0.097647
0.0 0.687247 0.141724 0.035497 0.090777
0.0 0.734916 0.566478 0.031034 0.057257
0.0 0.163497 0.910745 0.061064 0.077812
0.0 0.030546 0.122444 0.050191 0.091553
