0.0 0.718813 0.535167 0.060778 0.129022
0.0 0.514733 0.806181 0.032513 0.064059
0.0 0.414448 0.618656 0.025178 0.058397
0.0 0.469981 0.158617 0.040213 0.114103
0.0 0.628429 0.158486 0.016880 0.045717
0.0 0.622952 0.204212 0.016683 0.050764
0.0 0.580960 0.287608 0.041548 0.091350
0.0 0.809466 0.801127 0.068148 0.095749
0.0 0.342121 0.369309 0.065647 0.119872
0.0 0.295430 0.222614 0.081221 0.157470
0.0 0.114168 0.523904 0.059792 0.092884
0.0 0.095252 0.802149 0.099715 0.081394
0.0 0.598253 0.335752 0.061614 0.129308
